-122.42158168137 37.7617007179518
-122.414406029855 37.7841907151119
-122.414406029855 37.7841907151119
-122.414406029855 37.7841907151119
-122.431118543788 37.8004687042875
-122.451781767894 37.7870853907529
-122.374019331833 37.729203356539
-122.374019331833 37.729203356539
-122.40656817787 37.7878092959561
-122.417295322526 37.7862578545865
-122.413354187018 37.7690748003847
-122.413354187018 37.7690748003847
-122.413354187018 37.7690748003847
-122.413354187018 37.7690748003847
-122.432198022433 37.7651107322703
-122.42227702764 37.7817528767881
-122.42227702764 37.7817528767881
-122.387939452192 37.7422600519555
-122.458638758608 37.7671999403456
-122.389774683064 37.735226586208
-122.406831986427 37.7969028838908
-122.406831986427 37.7969028838908
-122.40525176586286 37.75152495730467
-122.406831986427 37.7969028838908
-122.406831986427 37.7969028838908
-122.413609328985 37.784696907904
-122.413609328985 37.784696907904
-122.413609328985 37.784696907904
-122.388559411328 37.7604929243617
-122.414743835382 37.778719262789
-122.419520367886 37.764228935718
-122.420874632415 37.7914943051906
-122.419520367886 37.764228935718
-122.419520367886 37.764228935718
-122.419884939457 37.7782510832412
-122.446483988175 37.7501301863303
-122.459589572197 37.7755650573942
-122.406478762416 37.7951450868486
-122.406478762416 37.7951450868486
-122.414850480524 37.7856087588303
-122.438049017392 37.7934059586373
-122.419827929961 37.7666737551835
-122.419827929961 37.7666737551835
-122.419827929961 37.7666737551835
-122.441095150389 37.7954789408472
-122.453055320632 37.7175299238695
-122.392304134983 37.7825967571249
-122.386437671186 37.7191834462785
-122.403404791479 37.775420706711
-122.40354422656 37.7969934198176
-122.41561633832 37.7685360123583
-122.423404604063 37.7873381901532
-122.423404604063 37.7873381901532
-122.423404604063 37.7873381901532
-122.406592269796 37.7875673013055
-122.410919016011 37.773130623238
-122.405834032593 37.778254811523
-122.409144009353 37.7915661006349
-122.409144009353 37.7915661006349
-122.410135236377 37.7841889075267
-122.420691680792 37.7905770710537
-122.420691680792 37.7905770710537
-122.420691680792 37.7905770710537
-122.416305723264 37.7724556440219
-122.423207985156 37.7288459128524
-122.47391580547 37.7627511939927
-122.455125552189 37.777023633257
-122.500828300284 37.7644036412279
-122.49761402653 37.7645433165084
-122.410541166987 37.7709130566165
-122.420010175609 37.7701099298175
-122.420010175609 37.7701099298175
-122.419671780296 37.7650501214668
-122.409528258798 37.7260849566228
-122.409528258798 37.7260849566228
-122.464147081977 37.7790877048755
-122.431309540727 37.7858706272526
-122.40867573409 37.761791195706
-122.489620429341 37.7424363113581
-122.406539115148 37.7564864109309
-122.402571216964 37.7641259075201
-122.402571216964 37.7641259075201
-122.416489414289 37.803594011382
-122.409336821846 37.7848337315521
-122.410519781929 37.752766726673
-122.413679376888 37.7809258336852
-122.413679376888 37.7809258336852
-122.413679376888 37.7809258336852
-122.487429256289 37.7800894126441
-122.403994862674 37.794611817992
-122.430494795393 37.7643418581632
-122.430494795393 37.7643418581632
-122.430494795393 37.7643418581632
-122.430494795393 37.7643418581632
-122.403249637246 37.7190699683467
-122.396516726913 37.7371564713337
-122.385545453301 37.728979731984
-122.41920245941 37.7650244301204
-122.403919148357 37.7871160984672
-122.403919148357 37.7871160984672
-122.435831640861 37.7139363117368
-122.424060357638 37.7980723406312
-122.424060357638 37.7980723406312
-122.452437410737 37.7721868787586
-122.434056456823 37.751694401207
-122.434056456823 37.751694401207
-122.411955869906 37.7869391910697
-122.384900862378 37.729694047172
-122.384900862378 37.729694047172
-122.412907007898 37.7895783628974
-122.412907007898 37.7895783628974
-122.412907007898 37.7895783628974
-122.419671780296 37.7650501214668
-122.418098776629 37.7349529289018
-122.413820070176 37.7857382950322
-122.444707063455 37.7249307267936
-122.444707063455 37.7249307267936
-122.430635054089 37.7499506207926
-122.430635054089 37.7499506207926
-122.430635054089 37.7499506207926
-122.485701465567 37.7622325550481
-122.405109485404 37.7088563076781
-122.405109485404 37.7088563076781
-122.405109485404 37.7088563076781
-122.475647460786 37.7285280627465
-122.391468771522 37.7192685809366
-122.391468771522 37.7192685809366
-122.404686545316 37.7365866116543
-122.404686545316 37.7365866116543
-122.406460643507 37.7979466732983
-122.406460643507 37.7979466732983
-122.431980748524 37.7518275738203
-122.431980748524 37.7518275738203
-122.400748631911 37.7911776792224
-122.45886061567 37.7812550935484
-122.45886061567 37.7812550935484
-122.392347671978 37.7890603555993
-122.409576373262 37.7999519603954
-122.406481972743 37.7827317884887
-122.393732090374 37.7640221094087
-122.393732090374 37.7640221094087
-122.420307355721 37.7886989511647
-122.420307355721 37.7886989511647
-122.414081138014 37.7832767266062
-122.431038532157 37.7753861665924
-122.421744604955 37.7405796745233
-122.486177330467 37.7368129188976
-122.436910088417 37.7998528145322
-122.421143711132 37.796948073613
-122.43761850613 37.7139249971979
-122.419458073153 37.7844990197997
-122.421011927709 37.7838226942199
-122.412414263581 37.7830037964534
-122.478191939982 37.7635138827396
-122.417672923626 37.7881242734432
-122.417878226786 37.7522731644848
-122.409853729941 37.7833862379382
-122.409853729941 37.7833862379382
-122.410157073911 37.7842973843312
-122.415448759562 37.778293520129
-122.396920775993 37.7857918163181
-122.424147588961 37.7398702066093
-122.460830150553 37.76343703896
-122.418748733523 37.7554371875097
-122.407845374111 37.7850943210103
-122.407845374111 37.7850943210103
-122.407845374111 37.7850943210103
-122.406690592261 37.7852071918419
-122.413162802096 37.7870801005292
-122.449991706608 37.7358413359143
-122.41029351969 37.7822305870036
-122.42207304894 37.7661259454801
-122.434363909417 37.7330448919252
-122.414029821727 37.7823291237659
-122.414029821727 37.7823291237659
-122.414029821727 37.7823291237659
-122.391800296943 37.7316450604526
-122.391800296943 37.7316450604526
-122.413045971966 37.7738617771611
-122.442320261009 37.7892390511991
-122.412436901867 37.7834857455601
-122.403177062044 37.7888993699465
-122.445438540349 37.7283363348481
-122.417107256373 37.7853238292094
-122.431481386384 37.7729864955863
-122.399625435061 37.7831585013597
-122.40749684872 37.7795496260755
-122.388753046997 37.7407360548358
-122.413069926397 37.7820204255866
-122.413069926397 37.7820204255866
-122.441342986493 37.8006581362894
-122.419671780296 37.7650501214668
-122.399151509541 37.77862707848
-122.379424889828 37.7294990859712
-122.394172783809 37.7874643193106
-122.466676958213 37.7161650273626
-122.466676958213 37.7161650273626
-122.420489911989 37.7577269207659
-122.420489911989 37.7577269207659
-122.458638758608 37.7671999403456
-122.408040474858 37.7864094033618
-122.408040474858 37.7864094033618
-122.426118705944 37.7635158382169
-122.441342986493 37.8006581362894
-122.441342986493 37.8006581362894
-122.441342986493 37.8006581362894
-122.495889000409 37.7561689903902
-122.41860030589 37.7546255872838
-122.431930567825 37.8002462854299
-122.447849373033 37.7741823599244
-122.412911739492 37.8021828448089
-122.406539115148 37.7564864109309
-122.406539115148 37.7564864109309
-122.429850411503 37.7779180624996
-122.394820593541 37.7659016973539
-122.510339992198 37.7640000597982
-122.396589419143 37.7806522801523
-122.403404791479 37.775420706711
-122.403404791479 37.775420706711
-122.403404791479 37.775420706711
-122.403404791479 37.775420706711
-122.409741520264 37.7681824226595
-122.446001055682 37.7948545970277
-122.413169470388 37.7947589530812
-122.403513955008 37.7550864947417
-122.421876488492 37.7640888944532
-122.421876488492 37.7640888944532
-122.451757655731 37.7866167883705
-122.490771188288 37.7816954391618
-122.490771188288 37.7816954391618
-122.430798473748 37.7825695563336
-122.398389903403 37.7744749193206
-122.416872883664 37.7587640201132
-122.444615066137 37.798682902385
-122.411162307172 37.719668771199
-122.450601497864 37.7714591179274
-122.420556751442 37.7108945814914
-122.420556751442 37.7108945814914
-122.420556751442 37.7108945814914
-122.415444159886 37.7780245674641
-122.408201657254 37.7868849113107
-122.481516526312 37.7802227066368
-122.414139645652 37.758874126626
-122.400860907814 37.7870905204825
-122.403404791479 37.775420706711
-122.403404791479 37.775420706711
-122.405310423964 37.7913128123286
-122.409313111431 37.7843478513151
-122.482480961268 37.7633237012278
-122.410135236377 37.7841889075267
-122.410135236377 37.7841889075267
-122.3912257128 37.7590564727907
-122.437797231259 37.795897532517
-122.406520987144 37.7850629421661
-122.418580508889 37.7881906054546
-122.418580508889 37.7881906054546
-122.468877005913 37.7187936431951
-122.468877005913 37.7187936431951
-122.42679961735 37.7408779454292
-122.476860541877 37.7522985347253
-122.387234795761 37.7194008333885
-122.450852211443 37.7458259930791
-122.50348287909 37.7791229026408
-122.390564527749 37.7186884382294
-122.466204667893 37.7725405391593
-122.365565425353 37.8096707013239
-122.443311949602 37.7704697548539
-122.443311949602 37.7704697548539
-122.466758005159 37.7291845796038
-122.466758005159 37.7291845796038
-122.466758005159 37.7291845796038
-122.410220142966 37.8013225692058
-122.410220142966 37.8013225692058
-122.410220142966 37.8013225692058
-122.397615567933 37.7773918242817
-122.440923876434 37.7736351065468
-122.439992498876 37.7171486722748
-122.407633520742 37.7841893501425
-122.474102710416 37.7431744969963
-122.474102710416 37.7431744969963
-122.421387229832 37.793700947263
-122.461139183524 37.7090849156407
-122.454636839495 37.7747600205915
-122.407633520742 37.7841893501425
-122.409853729941 37.7833862379382
-122.409853729941 37.7833862379382
-122.409853729941 37.7833862379382
-122.416374835778 37.7644225165568
-122.416374835778 37.7644225165568
-122.414988252591 37.8082613305439
-122.45945169075 37.7813626132552
-122.451954177946 37.7120558827519
-122.403715607574 37.7840428115732
-122.395771897062 37.7572927810101
-122.395771897062 37.7572927810101
-122.410157073911 37.7842973843312
-122.406681057265 37.755343095442
-122.421644478447 37.7429970144076
-122.403390364796 37.7802655777189
-122.40856429774 37.7760967348453
-122.461744585248 37.7746631001641
-122.419183647219 37.7734138699876
-122.415740127984 37.7771309690233
-122.403070000847 37.7852686309087
-122.390416955474 37.7355926105862
-122.390416955474 37.7355926105862
-122.403434086745 37.78764305018
-122.452289660492 37.7256933575703
-122.410157073911 37.7842973843312
-122.464279879446 37.7800332991006
-122.389471535682 37.7340319720999
-122.389471535682 37.7340319720999
-122.389471535682 37.7340319720999
-122.436278384006 37.7378517637694
-122.40989282029 37.7801134973164
-122.419955910836 37.7956830656712
-122.417487999146 37.8041769417232
-122.414317857881 37.7799444052046
-122.414317857881 37.7799444052046
-122.421387229832 37.793700947263
-122.393038835144 37.7182677028816
-122.47000800007 37.7554018489917
-122.458290531535 37.7811656530832
-122.403404791479 37.775420706711
-122.442027369265 37.783111556712
-122.417104895556 37.7743242867908
-122.399787632605 37.7867834304358
-122.399787632605 37.7867834304358
-122.440720545257 37.7667916111324
-122.435426671978 37.7800763782418
-122.435426671978 37.7800763782418
-122.407244087032 37.7865647607685
-122.407244087032 37.7865647607685
-122.412930522059 37.7838344374141
-122.41747701285 37.764357751686
-122.41747701285 37.764357751686
-122.410135236377 37.7841889075267
-122.407538332319 37.7657827544276
-122.407633520742 37.7841893501425
-122.407633520742 37.7841893501425
-122.409791662293 37.7985083480435
-122.408595110869 37.7837069301545
-122.415000536786 37.7620990020681
-122.412933062384 37.7739274524819
-122.418283197104 37.7123508590096
-122.403404791479 37.775420706711
-122.412596970637 37.7811192121542
-122.412596970637 37.7811192121542
-122.412596970637 37.7811192121542
-122.43466870921 37.7625723537425
-122.43466870921 37.7625723537425
-122.43340738035 37.7992089703227
-122.43340738035 37.7992089703227
-122.404685158341 37.7942457593856
-122.404685158341 37.7942457593856
-122.404685158341 37.7942457593856
-122.41747701285 37.764357751686
-122.397744427103 37.7299346936044
-122.397744427103 37.7299346936044
-122.397744427103 37.7299346936044
-122.397744427103 37.7299346936044
-122.399443658942 37.7301760161647
-122.419560437883 37.7521716091721
-122.419560437883 37.7521716091721
-122.419560437883 37.7521716091721
-122.499264595602 37.7410543982056
-122.426153349478 37.7606186794333
-122.421608893207 37.7955038710773
-122.421608893207 37.7955038710773
-122.421608893207 37.7955038710773
-122.421608893207 37.7955038710773
-122.402194030894 37.7900391299667
-122.409445484488 37.789173205941
-122.409445484488 37.789173205941
-122.382475491131 37.7292626391341
-122.382475491131 37.7292626391341
-122.382475491131 37.7292626391341
-122.426696478904 37.7678692203902
-122.426696478904 37.7678692203902
-122.451272324188 37.7194743609572
-122.427115347351 37.7764111993722
-122.403595293514 37.7276340992506
-122.427115347351 37.7764111993722
-122.431979576386 37.7800478529923
-122.418448186101 37.7522391652625
-122.433466102789 37.7208541937972
-122.406401668335 37.7866144613366
-122.411968127281 37.7092121482901
-122.387714321434 37.7265698157203
-122.387714321434 37.7265698157203
-122.408640885133 37.7098457177238
-122.418486296575 37.7634954373144
-122.422315670749 37.7736186276456
-122.477111187189 37.7644902928075
-122.416916142188 37.7843944492068
-122.409302498033 37.8052052344314
-122.432901431254 37.7614166781504
-122.432901431254 37.7614166781504
-122.406351834294 37.7860311576362
-122.425891675136 37.7745985956747
-122.403524795218 37.7544534411473
-122.495172258342 37.776730300516
-122.495172258342 37.776730300516
-122.447094754103 37.7704534612349
-122.419257894814 37.7751462916539
-122.439319704092 37.7205466558837
-122.409853729941 37.7833862379382
-122.409853729941 37.7833862379382
-122.409853729941 37.7833862379382
-122.452289660492 37.7256933575703
-122.419977853021 37.7634571930206
-122.411721445339 37.7962908193522
-122.424873511257 37.7606814128072
-122.492759924406 37.7721768876173
-122.490365597042 37.7826866886113
-122.465522160917 37.7602797190358
-122.486084716378 37.7828828638522
-122.412596970637 37.7811192121542
-122.45758514144 37.7148630090118
-122.45758514144 37.7148630090118
-122.403070000847 37.7852686309087
-122.389960179517 37.7381683051019
-122.442957459548 37.7142059812826
-122.378226008527 37.7312941487525
-122.407445487849 37.7103932288259
-122.407445487849 37.7103932288259
-122.407445487849 37.7103932288259
-122.414593411257 37.7845808066125
-122.414593411257 37.7845808066125
-122.417107986993 37.7122561827524
-122.398344691679 37.7605300871138
-122.438860145551 37.7493423431656
-122.44827840533 37.804271887891
-122.44827840533 37.804271887891
-122.419711251166 37.7545565620279
-122.41029351969 37.7822305870036
-122.41029351969 37.7822305870036
-122.40316136589 37.7836909533775
-122.423217673913 37.7864017954155
-122.415654629547 37.7864672409674
-122.474961434176 37.7256901689017
-122.403104571775 37.7264333788753
-122.412398375843 37.7340561320083
-122.475222189932 37.7210571460375
-122.389432577161 37.7888379056123
-122.41932208977 37.7570651494219
-122.414081138014 37.7832767266062
-122.414081138014 37.7832767266062
-122.420855875142 37.7994367295576
-122.407729769991 37.7931773025837
-122.436115302042 37.7608228396674
-122.436115302042 37.7608228396674
-122.398447802857 37.7980037233355
-122.420354123985 37.7763160310327
-122.415473931513 37.7556332979322
-122.403404791479 37.775420706711
-122.408369554921 37.7175680840626
-122.408369554921 37.7175680840626
-122.408369554921 37.7175680840626
-122.375605171962 37.7307215215703
-122.376900658814 37.7294874636559
-122.393622739343 37.7830791191471
-122.40021603879 37.7948030325182
-122.425559149319 37.8021201877107
-122.439505191354 37.7999146218467
-122.499134239027 37.7391936403273
-122.395097774181 37.7940590485562
-122.40033450691 37.7950135264428
-122.410774214375 37.8084350175869
-122.445190766272 37.7206846544979
-122.452608514061 37.7865686524807
-122.396374439116 37.7980532528058
-122.399152260199 37.7910166130682
-122.399899436982 37.7846480308387
-122.42747295585 37.7736797642734
-122.42747295585 37.7736797642734
-122.412056242405 37.7609899089142
-122.419520367886 37.764228935718
-122.419520367886 37.764228935718
-122.419520367886 37.764228935718
-122.403143544447 37.7390301515332
-122.403143544447 37.7390301515332
-122.403143544447 37.7390301515332
-122.403143544447 37.7390301515332
-122.410157073911 37.7842973843312
-122.418766889013 37.7119336857601
-122.40950430935 37.781526271747
-122.389432577161 37.7888379056123
-122.406979507963 37.739566960911
-122.406979507963 37.739566960911
-122.406979507963 37.739566960911
-122.414668598777 37.7959753126673
-122.432231936901 37.7979906413415
-122.432231936901 37.7979906413415
-122.414878527767 37.8035408565775
-122.380382266471 37.7353538209895
-122.380382266471 37.7353538209895
-122.419834938618 37.7863580362743
-122.403404791479 37.775420706711
-122.38160966743 37.7311764618482
-122.435013421625 37.7173614845378
-122.40232147638 37.7820387146172
-122.396374439116 37.7980532528058
-122.406842913454 37.7980587205991
-122.406842913454 37.7980587205991
-122.406842913454 37.7980587205991
-122.419123525573 37.7467755179049
-122.422062730264 37.7899200014841
-122.412320907436 37.7807642254398
-122.412320907436 37.7807642254398
-122.393618881148 37.7866889256218
-122.393618881148 37.7866889256218
-122.393618881148 37.7866889256218
-122.431204527214 37.72085578178
-122.431204527214 37.72085578178
-122.431296479048 37.7644035310365
-122.421970919029 37.7423752245255
-122.409708423721 37.7828276498838
-122.400302421513 37.7777992290419
-122.417949217834 37.7697208630457
-122.406669739951 37.7978641744394
-122.409660417788 37.7857429288295
-122.409660417788 37.7857429288295
-122.409660417788 37.7857429288295
-122.419515708406 37.7634292328496
-122.419515708406 37.7634292328496
-122.400488130754 37.7958763223097
-122.396409322733 37.7872812876351
-122.409129633669 37.7838066631424
-122.41400317832917 37.80796947292687
-122.406958660602 37.789434763004
-122.407244087032 37.7865647607685
-122.428951613741 37.766799959982
-122.406539115148 37.7564864109309
-122.423001696251 37.7649050761616
-122.446285631005 37.7748707258015
-122.423001696251 37.7649050761616
-122.423001696251 37.7649050761616
-122.409256096494 37.788239899778
-122.431957685196 37.7649357189679
-122.420021755228 37.7453901680777
-122.420021755228 37.7453901680777
-122.429792899837 37.7855609320034
-122.42291369529 37.7806600950548
-122.443597047511 37.7826435280939
-122.402246029097 37.7810888153345
-122.432743822617 37.7838424505847
-122.432743822617 37.7838424505847
-122.432743822617 37.7838424505847
-122.420001436964 37.7740948566882
-122.420001436964 37.7740948566882
-122.451288061231 37.7693967099165
-122.451288061231 37.7693967099165
-122.451288061231 37.7693967099165
-122.403404791479 37.775420706711
-122.37934537972 37.7357419068572
-122.412653223062 37.7925509103928
-122.419671780296 37.7650501214668
-122.394559471382 37.7454986548372
-122.448307079193 37.7356506398948
-122.429929998455 37.7426415388733
-122.405571757226 37.7244624051911
-122.395164170538 37.7592223045204
-122.429929539463 37.7986966918738
-122.403404791479 37.775420706711
-122.403404791479 37.775420706711
-122.403404791479 37.775420706711
-122.413473331312 37.7751633529763
-122.413473331312 37.7751633529763
-122.451314447797 37.7695046066162
-122.403404791479 37.775420706711
-122.407449511511 37.7545081025069
-122.432385162578 37.7303399205254
-122.418915450725 37.76667346471
-122.404026293246 37.7691750639058
-122.404026293246 37.7691750639058
-122.453728603068 37.7700970411704
-122.443324444777 37.7771638194542
-122.416732163096 37.783465567448
-122.448982569824 37.7429162365748
-122.448982569824 37.7429162365748
-122.448982569824 37.7429162365748
-122.435141194073 37.7330256190757
-122.430494795393 37.7643418581632
-122.41248326348 37.7706305910776
-122.41248326348 37.7706305910776
-122.432795347224 37.7610201697083
-122.432795347224 37.7610201697083
-122.407729769991 37.7931773025837
-122.391834252347 37.7392287557084
-122.41056729237 37.7463239632666
-122.43231121365 37.7683767091683
-122.43231121365 37.7683767091683
-122.421441956086 37.7868516471087
-122.492925040569 37.7817063075528
-122.415088721046 37.7836719564372
-122.402139142776 37.796644564492
-122.399584775431 37.7125366588715
-122.446780341512 37.7654021061194
-122.4208910342 37.7120920675614
-122.432914603494 37.7843533426568
-122.394102624525 37.7763827130285
-122.401378067544 37.7892639310458
-122.421730631824 37.7998502891642
-122.393413306041 37.7906117204093
-122.444450177181 37.7661440496945
-122.414613835412 37.8063927876763
-122.414613835412 37.8063927876763
-122.441317001322 37.7186348402533
-122.406852525575 37.7856720367472
-122.469780843211 37.7300635967742
-122.469780843211 37.7300635967742
-122.481305019184 37.7474613181905
-122.41720963943 37.7900459017168
-122.409313111431 37.7843478513151
-122.481305019184 37.7474613181905
-122.481305019184 37.7474613181905
-122.407538332319 37.7657827544276
-122.407538332319 37.7657827544276
-122.444929183098 37.765493106094
-122.404385042303 37.7721958190345
-122.404385042303 37.7721958190345
-122.404385042303 37.7721958190345
-122.404385042303 37.7721958190345
-122.420120319204 37.7877570602411
-122.44535757586 37.7148371012627
-122.44535757586 37.7148371012627
-122.416342977622 37.7824465135592
-122.470595847264 37.7488679961125
-122.470595847264 37.7488679961125
-122.411339562557 37.7812707434494
-122.409256096494 37.788239899778
-122.386304220968 37.7349050342849
-122.386304220968 37.7349050342849
-122.403404791479 37.775420706711
-122.417146843836 37.781446350134
-122.410488829308 37.7656058638705
-122.406520987144 37.7850629421661
-122.464279879446 37.7800332991006
-122.45319019834 37.7677850586334
-122.403404791479 37.775420706711
-122.504177712633 37.7804126251317
-122.405359371753 37.7859774761625
-122.418587172219 37.7530186537446
-122.408433097286 37.7967039278443
-122.411123069982 37.7363322364486
-122.409129633669 37.7838066631424
-122.39434785768 37.7499131969111
-122.39434785768 37.7499131969111
-122.419884939457 37.7782510832412
-122.419884939457 37.7782510832412
-122.42875312207 37.7410239696537
-122.389296892558 37.7591514070913
-122.407538332319 37.7657827544276
-122.407538332319 37.7657827544276
-122.407538332319 37.7657827544276
-122.422062730264 37.7899200014841
-122.423477689614 37.7880511870399
-122.424060357638 37.7980723406312
-122.424060357638 37.7980723406312
-122.409793939547 37.7791823933462
-122.401191922623 37.7616428225519
-122.401191922623 37.7616428225519
-122.408195421597 37.7536414673004
-122.450242113384 37.7700540212914
-122.420303482492 37.770896885856
-122.420303482492 37.770896885856
-122.434991623562 37.7322951055122
-122.420818330445 37.7828946450912
-122.425025030815 37.7277502372406
-122.404847847867 37.7951006528052
-122.396374439116 37.7980532528058
-122.406528551701 37.7122834993401
-122.413401299155 37.780906077687
-122.460866660633 37.7429156050522
-122.452730385108 37.7649584350954
-122.428630560161 37.7922647537719
-122.428630560161 37.7922647537719
-122.428630560161 37.7922647537719
-122.408162953857 37.7805345385278
-122.408162953857 37.7805345385278
-122.399929594658 37.7118160189064
-122.406539115148 37.7564864109309
-122.411071423064 37.7817511307229
-122.451314447797 37.7695046066162
-122.4313595584 37.745426402054
-122.491956779206 37.7768766735218
-122.491956779206 37.7768766735218
-122.409373489901 37.8013694186977
-122.409373489901 37.8013694186977
-122.409373489901 37.8013694186977
-122.418562097105 37.7841847091303
-122.4329146034938 37.784353342656765
-122.389241311502 37.7368837969126
-122.418434028318 37.7514199300011
-122.418434028318 37.7514199300011
-122.429300587346 37.7471595293012
-122.429300587346 37.7471595293012
-122.40784335615 37.7977773593589
-122.429300587346 37.7471595293012
-122.414317857881 37.7799444052046
-122.414317857881 37.7799444052046
-122.414317857881 37.7799444052046
-122.414317857881 37.7799444052046
-122.418219833881 37.7908244663738
-122.443476249751 37.7226304966987
-122.414200995694 37.7137889657104
-122.414200995694 37.7137889657104
-122.478067213175 37.7606979828387
-122.478067213175 37.7606979828387
-122.403404791479 37.775420706711
-122.423907410647 37.7990497607213
-122.45921241037463 37.72453296099497
-122.4453467866 37.7702081959172
-122.4453467866 37.7702081959172
-122.4453467866 37.7702081959172
-122.404799424951 37.7944525389481
-122.412944969085 37.7853224073204
-122.407702149718 37.7706967930865
-122.407702149718 37.7706967930865
-122.465382883406 37.7275837825749
-122.411071423064 37.7817511307229
-122.411071423064 37.7817511307229
-122.42219944483 37.8064351103515
-122.406428366219 37.801803328729
-122.406428366219 37.801803328729
-122.470298083327 37.7741219764844
-122.470298083327 37.7741219764844
-122.407244087032 37.7865647607685
-122.410517462775 37.756720759604
-122.394698550916 37.7645975666681
-122.414378057249 37.7548796352281
-122.401228030968 37.7935432687568
-122.401228030968 37.7935432687568
-122.409791662293 37.7985083480435
-122.407556369323 37.7266003621804
-122.40033450691 37.7950135264428
-122.40642786236 37.78710945429
-122.40642786236 37.78710945429
-122.382475491131 37.7292626391341
-122.505398845381 37.7603928153093
-122.45275843965 37.7654433196318
-122.477172370751 37.763558459678
-122.466180771685 37.7621738188702
-122.408560037296 37.7825859895625
-122.409536662692 37.7826911213472
-122.409536662692 37.7826911213472
-122.404587539604 37.7867316808533
-122.392216911504 37.7215602036508
-122.406539115148 37.7564864109309
-122.409835057079 37.7993401835421
-122.406553700757 37.7658426354415
-122.409835057079 37.7993401835421
-122.405495088281 37.7342866628413
-122.417107256373 37.7853238292094
-122.413047972078 37.7819119628298
-122.429248840104 37.7698987243733
-122.439917841054 37.800406453512
-122.412784096502 37.7848656939526
-122.412784096502 37.7848656939526
-122.412784096502 37.7848656939526
-122.458857560736 37.7822000723138
-122.414743835382 37.778719262789
-122.414743835382 37.778719262789
-122.419983447697 37.7682726763619
-122.409667412997 37.7998691995985
-122.41920245941 37.7650244301204
-122.41920245941 37.7650244301204
-122.44368609814 37.7998154571094
-122.44368609814 37.7998154571094
-122.419424383763 37.7632323869521
-122.419424383763 37.7632323869521
-122.419424383763 37.7632323869521
-122.419424383763 37.7632323869521
-122.419424383763 37.7632323869521
-122.39807475364 37.7300388291294
-122.463597480953 37.725669186459
-122.440660894634 37.7205097496756
-122.411071423064 37.7817511307229
-122.402841680867 37.7450364333137
-122.414242955907 37.7837240254478
-122.414242955907 37.7837240254478
-122.414242955907 37.7837240254478
-122.405716064431 37.7910323101921
-122.405716064431 37.7910323101921
-122.410524742229 37.8074451162355
-122.402739239559 37.7923753856472
-122.402739239559 37.7923753856472
-122.426391018521 37.7336749150104
-122.429732992551 37.7893728798505
-122.429732992551 37.7893728798505
-122.475222189932 37.7210571460375
-122.413609328985 37.784696907904
-122.409017007613 37.7994880717633
-122.413998755933 37.7276354562102
-122.476719025527 37.7805797943167
-122.403070000847 37.7852686309087
-122.403070000847 37.7852686309087
-122.403070000847 37.7852686309087
-122.422090267887 37.7808219708329
-122.41693893613 37.7919493361815
-122.414576897 37.7894768075723
-122.440235454273 37.7211907226133
-122.508432367694 37.752827655129
-122.419671780296 37.7650501214668
-122.510225749052 37.7672442209616
-122.406481972743 37.7827317884887
-122.410041631816 37.7819536537257
-122.415006296604 37.7958776753364
-122.380348349699 37.7288276251864
-122.411874120577 37.7776176281026
-122.399983788101 37.7573788687978
-122.431295002963 37.7287297938303
-122.411302650354 37.798321225099
-122.408595110869 37.7837069301545
-122.419154926676 37.7538579167642
-122.396411072525 37.7511784346447
-122.394888208756 37.7295846900095
-122.391468771522 37.7192685809366
-122.391468771522 37.7192685809366
-122.391468771522 37.7192685809366
-122.442112423143 37.7878555996754
-122.442112423143 37.7878555996754
-122.417282382012 37.7684917389792
-122.386104938274 37.760692489996
-122.434994783089 37.7600697106567
-122.41794044472 37.7936819085763
-122.451345531222 37.70986044957
-122.40031605728647 37.79009962736703
-122.40754585593122 37.78440117948599
-122.40340479147905 37.775420706711
-122.440006611531 37.7218048835547
-122.403404791479 37.775420706711
-122.403404791479 37.775420706711
-122.44691608078 37.773886367051
-122.415721688006 37.7830679886919
-122.41248326348 37.7706305910776
-122.413869632554 37.7818621883021
-122.414753332924 37.7107503110825
-122.423321421434 37.7680170125986
-122.411615075408 37.7831614109395
-122.439624543268 37.7206038015008
-122.399289033567 37.786383021575
-122.398324392842 37.7966976738334
-122.472321912705 37.7216221726261
-122.403404791479 37.775420706711
-122.453994369282 37.7164758973784
-122.418861966021 37.7982652352526
-122.40340479147905 37.775420706711
-122.419671780296 37.7650501214668
-122.407149304657 37.806426731679
-122.453699685257 37.7161089324351
-122.436698225121 37.7780062911327
-122.407244087032 37.7865647607685
-122.408953598279 37.783287873572
-122.399837367207 37.7822127546626
-122.439624543268 37.7206038015008
-122.439624543268 37.7206038015008
-122.422975242584 37.7976645305321
-122.405819515169 37.7876106365854
-122.412933062384 37.7739274524819
-122.412933062384 37.7739274524819
-122.412933062384 37.7739274524819
-122.412933062384 37.7739274524819
-122.412933062384 37.7739274524819
-122.390894724304 37.7293119114256
-122.390894724304 37.7293119114256
-122.390894724304 37.7293119114256
-122.414317857881 37.7799444052046
-122.414317857881 37.7799444052046
-122.405112001355 37.7798431570931
-122.387067977547 37.7554460266182
-122.420775721444 37.7867754820647
-122.420775721444 37.7867754820647
-122.4208910342 37.7120920675614
-122.373456171525 37.7296796672727
-122.373456171525 37.7296796672727
-122.43229520935 37.7937145536167
-122.392845456789 37.7824570677935
-122.402806433608 37.7570691172002
-122.449270249224 37.7846856433216
-122.513642064265 37.7784692199467
-122.435889235002 37.7987183534813
-122.404270179486 37.7844788538745
-122.417144802399 37.7121502932531
-122.417144802399 37.7121502932531
-122.417144802399 37.7121502932531
-122.417144802399 37.7121502932531
-122.451998028803 37.7780501202623
-122.396374439116 37.7980532528058
-122.436910088417 37.7998528145322
-122.436910088417 37.7998528145322
-122.41029351969 37.7822305870036
-122.41029351969 37.7822305870036
-122.40509433812 37.7789940710712
-122.421096796936 37.7842937802977
-122.416187526379 37.7354387951327
-122.405294845215 37.7863072236365
-122.405294845215 37.7863072236365
-122.413361136168 37.77636280535
-122.435206927167 37.7227651550983
-122.44547478111 37.7323966010148
-122.412305654928 37.8072245494003
-122.409158691757 37.7782352182811
-122.412527239682 37.8086250595467
-122.43307534135 37.726854596498
-122.43307534135 37.726854596498
-122.43307534135 37.726854596498
-122.43307534135 37.726854596498
-122.43307534135 37.726854596498
-122.43307534135 37.726854596498
-122.43307534135 37.726854596498
-122.43307534135 37.726854596498
-122.419843759487 37.7585838119382
-122.419843759487 37.7585838119382
-122.419843759487 37.7585838119382
-122.419843759487 37.7585838119382
-122.419843759487 37.7585838119382
-122.391257625349 37.7327899367388
-122.412597377187 37.7839320277273
-122.484760636297 37.765114811569
-122.484760636297 37.765114811569
-122.484760636297 37.765114811569
-122.40947349732 37.784816365102
-122.412999075009 37.786277459166
-122.419739837805 37.7858926099715
-122.410699657634 37.7869881885308
-122.432914603494 37.7843533426568
-122.432914603494 37.7843533426568
-122.432914603494 37.7843533426568
-122.432914603494 37.7843533426568
-122.406345654667 37.7523483654161
-122.404308773077 37.7425218927281
-122.418562097105 37.7841847091303
-122.418480564808 37.775898446204
-122.396647503187 37.7917404337271
-122.471762293488 37.7731370565281
-122.471762293488 37.7731370565281
-122.468075662537 37.7152017720854
-122.411800134753 37.7840890366868
-122.411800134753 37.7840890366868
-122.407904730522 37.7940589735021
-122.415448759562 37.778293520129
-122.40221854007 37.7905215969161
-122.400542764838 37.793079042261
-122.413174494396 37.786719015554
-122.413174494396 37.786719015554
-122.413174494396 37.786719015554
-122.389279211854 37.716962016099
-122.389279211854 37.716962016099
-122.420136159979 37.7875096258655
-122.424808639628 37.7983917580329
-122.411742515582 37.7858882195106
-122.405862214655 37.7979117105028
-122.423581857437 37.7759042673828
-122.413045971966 37.7738617771611
-122.403404791479 37.775420706711
-122.417672923626 37.7881242734432
-122.420996914 37.7831032668735
-122.42831052169 37.7823629069329
-122.410962664755 37.752684919614
-122.419208249507 37.7602340753605
-122.420832650303 37.7479994493226
-122.443311949602 37.7704697548539
-122.420332099593 37.7762075768262
-122.412173946265 37.7629167766586
-122.489804747862 37.7708917848848
-122.42207304894 37.7661259454801
-122.407589113638 37.8006374058088
-122.42831052169 37.7823629069329
-122.409997302682 37.7604853376207
-122.408673540372 37.7800574377607
-122.408673540372 37.7800574377607
-122.403404791479 37.775420706711
-122.411339562557 37.7812707434494
-122.447517523122 37.7810694335442
-122.415821891164 37.7872932910877
-122.395989596412 37.721313139839
-122.395989596412 37.721313139839
-122.395989596412 37.721313139839
-122.431015257276 37.7117445002313
-122.431015257276 37.7117445002313
-122.419671780296 37.7650501214668
-122.42615135926 37.7883759137117
-122.395729263523 37.7319142844378
-122.403177062044 37.7888993699465
-122.403177062044 37.7888993699465
-122.416268632715 37.7523735149599
-122.463082794078 37.7577363372928
-122.471227901179 37.7404281429428
-122.415508242782 37.7816542806076
-122.415508242782 37.7816542806076
-122.469357481945 37.7779050116432
-122.469357481945 37.7779050116432
-122.423413057205 37.795737109246
-122.409835057079 37.7993401835421
-122.409835057079 37.7993401835421
-122.41303432871 37.7467405576771
-122.446612978839 37.7822458223917
-122.394459568163 37.792144044552
